{
 "cells": [
  {
   "cell_type": "code",
   "execution_count": 16,
   "metadata": {},
   "outputs": [],
   "source": [
    "import numpy as np\n",
    "import warnings\n",
    "from Activations import Activation\n",
    "warnings.filterwarnings(\"ignore\")"
   ]
  },
  {
   "cell_type": "code",
   "execution_count": 2,
   "metadata": {},
   "outputs": [],
   "source": [
    "# input_data x1,x2\n",
    "import numpy as np\n",
    "x1 = np.random.randint(50,80,10)\n",
    "x2 = np.random.randint(160,180,10)\n",
    "X = np.c_[x1,x2]"
   ]
  },
  {
   "cell_type": "code",
   "execution_count": 3,
   "metadata": {},
   "outputs": [],
   "source": [
    "w1 = np.random.randn(1)\n",
    "w2 = np.random.randn(1)"
   ]
  },
  {
   "cell_type": "code",
   "execution_count": 4,
   "metadata": {},
   "outputs": [],
   "source": [
    "out_w1 = w1*x1\n",
    "out_w2 = w2*x2"
   ]
  },
  {
   "cell_type": "code",
   "execution_count": 5,
   "metadata": {},
   "outputs": [
    {
     "data": {
      "text/plain": [
       "array([[-120.32044157,  213.27413754],\n",
       "       [-114.20245302,  210.80854057],\n",
       "       [-157.0283729 ,  198.48055575],\n",
       "       [-152.94971386,  203.41174968],\n",
       "       [-108.08446446,  213.27413754],\n",
       "       [-146.83172531,  200.94615271],\n",
       "       [-122.35977109,  198.48055575],\n",
       "       [-146.83172531,  207.11014513],\n",
       "       [-134.5957482 ,  210.80854057],\n",
       "       [-144.79239579,  218.20533147]])"
      ]
     },
     "execution_count": 5,
     "metadata": {},
     "output_type": "execute_result"
    }
   ],
   "source": [
    "out = np.c_[out_w1,out_w2]\n",
    "out"
   ]
  },
  {
   "cell_type": "code",
   "execution_count": 6,
   "metadata": {},
   "outputs": [
    {
     "data": {
      "text/plain": [
       "array([1.23279848])"
      ]
     },
     "execution_count": 6,
     "metadata": {},
     "output_type": "execute_result"
    }
   ],
   "source": [
    "w2"
   ]
  },
  {
   "cell_type": "code",
   "execution_count": 30,
   "metadata": {},
   "outputs": [
    {
     "data": {
      "text/plain": [
       "array([[0],\n",
       "       [0],\n",
       "       [2],\n",
       "       [1],\n",
       "       [1],\n",
       "       [1],\n",
       "       [2],\n",
       "       [0],\n",
       "       [1],\n",
       "       [2]])"
      ]
     },
     "execution_count": 30,
     "metadata": {},
     "output_type": "execute_result"
    }
   ],
   "source": [
    "y.reshape(-1,1)"
   ]
  },
  {
   "cell_type": "code",
   "execution_count": 8,
   "metadata": {},
   "outputs": [],
   "source": [
    "#one_hot -- keras.utils.to_categorical(data)\n",
    "y = np.random.randint(0,5,100)"
   ]
  },
  {
   "cell_type": "code",
   "execution_count": 9,
   "metadata": {},
   "outputs": [],
   "source": [
    "##data\n",
    "def make_onehot(x):\n",
    "    col = np.unique(x).size\n",
    "    row = x.size\n",
    "    data = np.zeros((row,col))\n",
    "    for i in np.arange(row):\n",
    "        data[i,x[i]] = 1\n",
    "    return data"
   ]
  },
  {
   "cell_type": "code",
   "execution_count": 17,
   "metadata": {},
   "outputs": [],
   "source": [
    "## \n",
    "from sklearn.datasets import load_iris\n",
    "X = load_iris()['data']\n",
    "y = load_iris()['target']"
   ]
  },
  {
   "cell_type": "code",
   "execution_count": 58,
   "metadata": {},
   "outputs": [
    {
     "data": {
      "text/plain": [
       "(150, 4)"
      ]
     },
     "execution_count": 58,
     "metadata": {},
     "output_type": "execute_result"
    }
   ],
   "source": [
    "X.shape"
   ]
  },
  {
   "cell_type": "code",
   "execution_count": 56,
   "metadata": {},
   "outputs": [],
   "source": [
    "y = y.reshape(-1,1)"
   ]
  },
  {
   "cell_type": "code",
   "execution_count": 57,
   "metadata": {},
   "outputs": [
    {
     "data": {
      "text/plain": [
       "(150, 1)"
      ]
     },
     "execution_count": 57,
     "metadata": {},
     "output_type": "execute_result"
    }
   ],
   "source": [
    "y.shape"
   ]
  },
  {
   "cell_type": "code",
   "execution_count": 59,
   "metadata": {},
   "outputs": [],
   "source": [
    "W = np.random.randn(4,1)\n",
    "b = np.random.randn(1)"
   ]
  },
  {
   "cell_type": "code",
   "execution_count": 60,
   "metadata": {},
   "outputs": [],
   "source": [
    "y_hat = np.dot(X,W) + b"
   ]
  },
  {
   "cell_type": "code",
   "execution_count": 12,
   "metadata": {},
   "outputs": [],
   "source": [
    "## y onehot\n",
    "y = make_onehot(y)"
   ]
  },
  {
   "cell_type": "code",
   "execution_count": 13,
   "metadata": {},
   "outputs": [
    {
     "name": "stdout",
     "output_type": "stream",
     "text": [
      "(150, 4)\n",
      "(150, 3)\n"
     ]
    }
   ],
   "source": [
    "print(X.shape)\n",
    "print(y.shape)"
   ]
  },
  {
   "cell_type": "code",
   "execution_count": 14,
   "metadata": {},
   "outputs": [],
   "source": [
    "W = np.random.randn(4,3)\n",
    "b = np.random.randn(3)"
   ]
  },
  {
   "cell_type": "code",
   "execution_count": 15,
   "metadata": {},
   "outputs": [
    {
     "data": {
      "text/plain": [
       "array([[0.91813414, 0.00923423, 0.07263163],\n",
       "       [0.82588953, 0.03173677, 0.1423737 ],\n",
       "       [0.88113627, 0.01568035, 0.10318338],\n",
       "       [0.80247259, 0.01799778, 0.17952963],\n",
       "       [0.92593924, 0.00635653, 0.06770422],\n",
       "       [0.94514998, 0.00520696, 0.04964306],\n",
       "       [0.90223823, 0.00966847, 0.0880933 ],\n",
       "       [0.88279328, 0.01112281, 0.10608391],\n",
       "       [0.77275549, 0.0267121 , 0.2005324 ],\n",
       "       [0.79650449, 0.01924756, 0.18424795],\n",
       "       [0.93316221, 0.0066051 , 0.06023269],\n",
       "       [0.84781913, 0.00913405, 0.14304682],\n",
       "       [0.79868297, 0.02388873, 0.17742831],\n",
       "       [0.8571773 , 0.01676943, 0.12605328],\n",
       "       [0.97911213, 0.00382364, 0.01706424],\n",
       "       [0.98428367, 0.00152101, 0.01419532],\n",
       "       [0.97430608, 0.00523985, 0.02045406],\n",
       "       [0.92869978, 0.01106335, 0.06023687],\n",
       "       [0.93449325, 0.00749221, 0.05801454],\n",
       "       [0.94386481, 0.00459073, 0.05154446],\n",
       "       [0.85458297, 0.01508553, 0.13033149],\n",
       "       [0.94431822, 0.00734783, 0.04833396],\n",
       "       [0.96036977, 0.00464939, 0.03498085],\n",
       "       [0.87382523, 0.02712798, 0.09904679],\n",
       "       [0.74260276, 0.00814633, 0.24925091],\n",
       "       [0.76907921, 0.03244494, 0.19847584],\n",
       "       [0.89334931, 0.01588641, 0.09076428],\n",
       "       [0.90486421, 0.00993112, 0.08520467],\n",
       "       [0.90882514, 0.01339157, 0.0777833 ],\n",
       "       [0.79931266, 0.01448353, 0.18620381],\n",
       "       [0.78211741, 0.02076281, 0.19711978],\n",
       "       [0.9180323 , 0.02246303, 0.05950467],\n",
       "       [0.94967197, 0.00144932, 0.04887871],\n",
       "       [0.97410626, 0.00165372, 0.02424001],\n",
       "       [0.82082604, 0.02349392, 0.15568004],\n",
       "       [0.90784463, 0.02049391, 0.07166146],\n",
       "       [0.93957834, 0.01300269, 0.04741897],\n",
       "       [0.90944637, 0.00485951, 0.08569412],\n",
       "       [0.82922866, 0.02109473, 0.14967661],\n",
       "       [0.88699777, 0.01212225, 0.10087998],\n",
       "       [0.93860762, 0.01024649, 0.05114589],\n",
       "       [0.61527051, 0.16491009, 0.2198194 ],\n",
       "       [0.8679989 , 0.01210365, 0.11989746],\n",
       "       [0.92745423, 0.01713087, 0.05541489],\n",
       "       [0.8945137 , 0.00527881, 0.10020748],\n",
       "       [0.83941625, 0.03522328, 0.12536047],\n",
       "       [0.91920366, 0.00379736, 0.07699897],\n",
       "       [0.85315695, 0.01408158, 0.13276147],\n",
       "       [0.93047028, 0.00607183, 0.06345789],\n",
       "       [0.88798954, 0.01502103, 0.09698942],\n",
       "       [0.10548762, 0.1139324 , 0.78057998],\n",
       "       [0.14058685, 0.10910537, 0.75030778],\n",
       "       [0.07040608, 0.11351389, 0.81608003],\n",
       "       [0.05357427, 0.20699692, 0.73942881],\n",
       "       [0.06818428, 0.19218136, 0.73963436],\n",
       "       [0.0455134 , 0.04743247, 0.90705414],\n",
       "       [0.12449331, 0.07905655, 0.79645014],\n",
       "       [0.12289451, 0.12453795, 0.75256754],\n",
       "       [0.06260532, 0.10100858, 0.8363861 ],\n",
       "       [0.12067626, 0.12924403, 0.75007971],\n",
       "       [0.04912457, 0.18188988, 0.76898555],\n",
       "       [0.15284424, 0.14154095, 0.70561481],\n",
       "       [0.03642695, 0.17177387, 0.79179917],\n",
       "       [0.04896715, 0.06269859, 0.88833426],\n",
       "       [0.24914712, 0.16788068, 0.5829722 ],\n",
       "       [0.14008931, 0.1572684 , 0.70264228],\n",
       "       [0.07954285, 0.05877107, 0.86168608],\n",
       "       [0.05703784, 0.05116174, 0.89180042],\n",
       "       [0.0270046 , 0.35994988, 0.61304553],\n",
       "       [0.06919942, 0.11263252, 0.81816807],\n",
       "       [0.10437586, 0.09127908, 0.80434505],\n",
       "       [0.13365985, 0.18710406, 0.67923609],\n",
       "       [0.0232575 , 0.13979082, 0.83695168],\n",
       "       [0.0302288 , 0.03726416, 0.93250704],\n",
       "       [0.10158378, 0.1368094 , 0.76160682],\n",
       "       [0.11825985, 0.16531791, 0.71642224],\n",
       "       [0.04584073, 0.14089879, 0.81326047],\n",
       "       [0.06203918, 0.16206702, 0.7758938 ],\n",
       "       [0.08118586, 0.11215406, 0.80666009],\n",
       "       [0.14600112, 0.15728759, 0.69671128],\n",
       "       [0.06959292, 0.14020308, 0.790204  ],\n",
       "       [0.0729822 , 0.1233893 , 0.8036285 ],\n",
       "       [0.11250562, 0.13988149, 0.74761289],\n",
       "       [0.02163404, 0.06695481, 0.91141116],\n",
       "       [0.07287661, 0.04576571, 0.88135768],\n",
       "       [0.1805855 , 0.06573214, 0.75368236],\n",
       "       [0.09492303, 0.12851979, 0.77655718],\n",
       "       [0.03245204, 0.24612254, 0.72142542],\n",
       "       [0.12570835, 0.06462978, 0.80966187],\n",
       "       [0.07309929, 0.15481683, 0.77208387],\n",
       "       [0.03273265, 0.04438927, 0.92287807],\n",
       "       [0.06867743, 0.06471435, 0.86660821],\n",
       "       [0.08167906, 0.13799492, 0.78032603],\n",
       "       [0.10977115, 0.16297238, 0.72725648],\n",
       "       [0.06956688, 0.08866252, 0.84177059],\n",
       "       [0.0923863 , 0.04376021, 0.86385349],\n",
       "       [0.09504246, 0.07202078, 0.83293676],\n",
       "       [0.09510571, 0.10886487, 0.79602942],\n",
       "       [0.24971573, 0.2564166 , 0.49386767],\n",
       "       [0.10017031, 0.10190968, 0.79792002],\n",
       "       [0.03960053, 0.12477865, 0.83562082],\n",
       "       [0.03195437, 0.13967378, 0.82837185],\n",
       "       [0.02261656, 0.16993337, 0.80745007],\n",
       "       [0.01614331, 0.05053109, 0.9333256 ],\n",
       "       [0.02576258, 0.13993047, 0.83430695],\n",
       "       [0.00677032, 0.0796696 , 0.91356008],\n",
       "       [0.04075652, 0.10750127, 0.85174222],\n",
       "       [0.00573736, 0.0422314 , 0.95203124],\n",
       "       [0.00709786, 0.10359763, 0.8893045 ],\n",
       "       [0.06897151, 0.18442376, 0.74660472],\n",
       "       [0.09577197, 0.19485866, 0.70936938],\n",
       "       [0.0265425 , 0.19124391, 0.78221359],\n",
       "       [0.0424095 , 0.24374723, 0.71384327],\n",
       "       [0.03031274, 0.26236698, 0.70732028],\n",
       "       [0.0590063 , 0.44516013, 0.49583357],\n",
       "       [0.0910931 , 0.28737061, 0.62153629],\n",
       "       [0.02516879, 0.06821384, 0.90661737],\n",
       "       [0.02103583, 0.02888481, 0.95007936],\n",
       "       [0.00283032, 0.17175438, 0.8254153 ],\n",
       "       [0.01081992, 0.12632612, 0.86285396],\n",
       "       [0.05314763, 0.25788548, 0.68896689],\n",
       "       [0.05766233, 0.18561024, 0.75672743],\n",
       "       [0.00361323, 0.07146366, 0.9249231 ],\n",
       "       [0.04618084, 0.25282818, 0.70099099],\n",
       "       [0.04543667, 0.09889034, 0.85567299],\n",
       "       [0.01594754, 0.0431333 , 0.94091915],\n",
       "       [0.06301155, 0.23405199, 0.70293646],\n",
       "       [0.07025988, 0.13268037, 0.79705975],\n",
       "       [0.02320331, 0.17681673, 0.79997996],\n",
       "       [0.01299016, 0.04514112, 0.94186872],\n",
       "       [0.00937394, 0.11830116, 0.8723249 ],\n",
       "       [0.03088111, 0.03492483, 0.93419406],\n",
       "       [0.02611376, 0.23570006, 0.73818618],\n",
       "       [0.02405314, 0.05938317, 0.91656369],\n",
       "       [0.00459411, 0.01530184, 0.98010404],\n",
       "       [0.02190092, 0.3805482 , 0.59755088],\n",
       "       [0.0838838 , 0.16128317, 0.75483303],\n",
       "       [0.02766662, 0.05118111, 0.92115227],\n",
       "       [0.08155813, 0.14113877, 0.77730309],\n",
       "       [0.05999283, 0.27524204, 0.66476513],\n",
       "       [0.05451579, 0.35752636, 0.58795785],\n",
       "       [0.09036846, 0.57124327, 0.33838827],\n",
       "       [0.03195437, 0.13967378, 0.82837185],\n",
       "       [0.03677468, 0.16650092, 0.79672441],\n",
       "       [0.07249282, 0.31053463, 0.61697255],\n",
       "       [0.06987795, 0.51015282, 0.41996923],\n",
       "       [0.02998027, 0.35680742, 0.61321231],\n",
       "       [0.05914698, 0.22086736, 0.71998566],\n",
       "       [0.10193831, 0.1507288 , 0.74733289],\n",
       "       [0.04413637, 0.07169939, 0.88416424]])"
      ]
     },
     "execution_count": 15,
     "metadata": {},
     "output_type": "execute_result"
    }
   ],
   "source": [
    "Activation.softmax(np.dot(X,W) + b)"
   ]
  },
  {
   "cell_type": "code",
   "execution_count": 70,
   "metadata": {},
   "outputs": [
    {
     "data": {
      "text/plain": [
       "array([0.09003057, 0.24472847, 0.66524096])"
      ]
     },
     "execution_count": 70,
     "metadata": {},
     "output_type": "execute_result"
    }
   ],
   "source": [
    "x = np.array([1,2,3])\n",
    "np.exp(x)/np.sum(np.exp(x))"
   ]
  },
  {
   "cell_type": "code",
   "execution_count": 19,
   "metadata": {},
   "outputs": [],
   "source": [
    "def mse(y,t):\n",
    "    return np.sum((y-t)**2)*0.5"
   ]
  },
  {
   "cell_type": "code",
   "execution_count": 20,
   "metadata": {},
   "outputs": [
    {
     "data": {
      "text/plain": [
       "7.8376458028469065"
      ]
     },
     "execution_count": 20,
     "metadata": {},
     "output_type": "execute_result"
    }
   ],
   "source": [
    "y = np.random.randn(10)\n",
    "t = np.random.randn(10)\n",
    "mse(y,t)"
   ]
  },
  {
   "cell_type": "code",
   "execution_count": 48,
   "metadata": {},
   "outputs": [],
   "source": [
    "def cross_entropy(y,t):\n",
    "    epsilon = 1e-7\n",
    "    y = Activation.softmax(y)\n",
    "    return -np.sum(t*np.log(y+epsilon))/y.shape[0]"
   ]
  },
  {
   "cell_type": "code",
   "execution_count": 50,
   "metadata": {},
   "outputs": [],
   "source": [
    "y = np.array([1,7,0])\n",
    "t = np.array([0,1,0])\n",
    "x1  =cross_entropy(y,t)"
   ]
  },
  {
   "cell_type": "code",
   "execution_count": 51,
   "metadata": {},
   "outputs": [],
   "source": [
    "y = np.array([2,4,6])\n",
    "t = np.array([0,0,1])\n",
    "x2 = cross_entropy(y,t)\n"
   ]
  },
  {
   "cell_type": "code",
   "execution_count": 53,
   "metadata": {},
   "outputs": [],
   "source": [
    "def der(f,x):\n",
    "    h = 1e-7\n",
    "    fxh = f(x+h)\n",
    "    fx = f(x)\n",
    "    return (fxh - fx)/h"
   ]
  },
  {
   "cell_type": "code",
   "execution_count": 54,
   "metadata": {},
   "outputs": [],
   "source": [
    "f = lambda x:x**2 +2*x"
   ]
  },
  {
   "cell_type": "code",
   "execution_count": 59,
   "metadata": {},
   "outputs": [],
   "source": [
    "def ff(x,y):\n",
    "    return x**2 + y**2"
   ]
  },
  {
   "cell_type": "code",
   "execution_count": 58,
   "metadata": {},
   "outputs": [
    {
     "data": {
      "text/plain": [
       "8.00000009348878"
      ]
     },
     "execution_count": 58,
     "metadata": {},
     "output_type": "execute_result"
    }
   ],
   "source": [
    "der(함수,3)"
   ]
  },
  {
   "cell_type": "code",
   "execution_count": 75,
   "metadata": {},
   "outputs": [],
   "source": [
    "def fx(x):\n",
    "    return x[0]**2+x[1]**2"
   ]
  },
  {
   "cell_type": "code",
   "execution_count": 123,
   "metadata": {},
   "outputs": [],
   "source": [
    "def par_der(f,x):\n",
    "    h = 1e-4\n",
    "    grad = np.zeros_like(x)\n",
    "    it = np.nditer(x,flags=['multi_index'],op_flags=['readwrite'])\n",
    "    while not it.finished:\n",
    "        idx = it.multi_index\n",
    "        tmp_val = x[idx]\n",
    "        x[idx] = float(tmp_val) + h\n",
    "        fxh1 = f(x)\n",
    "        x[idx] = float(tmp_val) - h\n",
    "        fxh2 = f(x)\n",
    "        grad[idx] = (fxh1 - fxh2)/(2*h)\n",
    "        x[idx] = tmp_val\n",
    "        it.iternext()\n",
    "    return grad"
   ]
  },
  {
   "cell_type": "code",
   "execution_count": 125,
   "metadata": {},
   "outputs": [
    {
     "data": {
      "text/plain": [
       "array([6., 8.])"
      ]
     },
     "execution_count": 125,
     "metadata": {},
     "output_type": "execute_result"
    }
   ],
   "source": [
    "x = np.array([3.,4.])\n",
    "par_der(fx,x)"
   ]
  },
  {
   "cell_type": "code",
   "execution_count": 134,
   "metadata": {},
   "outputs": [],
   "source": [
    "x = np.random.randn(5,6)\n",
    "it = np.nditer(x,flags=['multi_index'],op_flags=['readwrite'])\n",
    "while not it.finished:\n",
    "    x[it.multi_index]\n",
    "    it.iternext()"
   ]
  },
  {
   "cell_type": "code",
   "execution_count": 136,
   "metadata": {},
   "outputs": [],
   "source": [
    "def numerical_gradient(f,x):\n",
    "    h = 1e-4\n",
    "    grad = np.zeros_like(x)\n",
    "    it = np.nditer(x,flags=['multi_index'],op_flags=['readwrite'])\n",
    "    while not it.finished:\n",
    "        idx = it.multi_index\n",
    "        tmp_val = x[idx]\n",
    "        x[idx] = tmp_val + h\n",
    "        fxh1 = f(x)\n",
    "        x[idx] = tmp_val - h\n",
    "        fxh2 = f(x)\n",
    "        grad[idx] = (fxh1-fxh2)/(2*h)\n",
    "        x[idx] = tmp_val\n",
    "        it.iternext()\n",
    "    return grad"
   ]
  },
  {
   "cell_type": "code",
   "execution_count": 137,
   "metadata": {},
   "outputs": [],
   "source": [
    "def function_2d(x):\n",
    "    return x[0]**2+x[1]**2"
   ]
  },
  {
   "cell_type": "code",
   "execution_count": 138,
   "metadata": {},
   "outputs": [
    {
     "data": {
      "text/plain": [
       "13.0"
      ]
     },
     "execution_count": 138,
     "metadata": {},
     "output_type": "execute_result"
    }
   ],
   "source": [
    "x = np.array([2.,3.])\n",
    "function_2d(x)"
   ]
  },
  {
   "cell_type": "code",
   "execution_count": 139,
   "metadata": {},
   "outputs": [
    {
     "data": {
      "text/plain": [
       "array([4., 6.])"
      ]
     },
     "execution_count": 139,
     "metadata": {},
     "output_type": "execute_result"
    }
   ],
   "source": [
    "numerical_gradient(function_2d,x)"
   ]
  },
  {
   "cell_type": "code",
   "execution_count": 140,
   "metadata": {},
   "outputs": [],
   "source": [
    "from sklearn.datasets import load_iris"
   ]
  },
  {
   "cell_type": "code",
   "execution_count": 141,
   "metadata": {},
   "outputs": [],
   "source": [
    "X = load_iris()['data']\n",
    "y = load_iris()['target']"
   ]
  },
  {
   "cell_type": "code",
   "execution_count": 143,
   "metadata": {},
   "outputs": [],
   "source": [
    "y = make_onehot(y)"
   ]
  },
  {
   "cell_type": "code",
   "execution_count": 154,
   "metadata": {},
   "outputs": [
    {
     "data": {
      "text/plain": [
       "(150, 4)"
      ]
     },
     "execution_count": 154,
     "metadata": {},
     "output_type": "execute_result"
    }
   ],
   "source": [
    "X.shape"
   ]
  },
  {
   "cell_type": "code",
   "execution_count": 155,
   "metadata": {},
   "outputs": [],
   "source": [
    "W1 = np.random.randn(4,10)\n",
    "b1 = np.random.randn(10)\n",
    "W2 = np.random.randn(10,5)\n",
    "b2 = np.random.randn(5)\n",
    "W3 = np.random.randn(5,3)\n",
    "b3 = np.random.randn(3)"
   ]
  },
  {
   "cell_type": "code",
   "execution_count": 206,
   "metadata": {},
   "outputs": [],
   "source": [
    "layer1 = np.dot(X,W1) + b1\n",
    "z1 = Activation.relu(layer1)\n",
    "layer2 = np.dot(z1,W2) + b2\n",
    "z2 = Activation.relu(layer2)\n",
    "layer3 = np.dot(z2,W3) + b3\n",
    "output = Activation.softmax(layer3)"
   ]
  },
  {
   "cell_type": "code",
   "execution_count": 233,
   "metadata": {},
   "outputs": [],
   "source": [
    "#cross_entropy(y,output)\n",
    "loss = cross_entropy\n",
    "f = lambda w : loss(y,output)\n",
    "dw = numerical_gradient(f,W1)"
   ]
  },
  {
   "cell_type": "code",
   "execution_count": 354,
   "metadata": {},
   "outputs": [],
   "source": [
    "class Network:\n",
    "    \n",
    "    def __init__(self):\n",
    "        self.W = {\n",
    "            'W1':np.random.randn(4,100),\n",
    "            'W2':np.random.randn(100,50),\n",
    "            'W3':np.random.randn(50,3)\n",
    "        }\n",
    "        self.b = {\n",
    "            'b1':np.random.randn(100),\n",
    "            'b2':np.random.randn(50),\n",
    "            'b3':np.random.randn(3)\n",
    "        }\n",
    "        self.Activation ={\n",
    "            'sigmoid':Activation.sigmoid,\n",
    "            'relu':Activation.relu,\n",
    "            'softmax':Activation.softmax\n",
    "        }\n",
    "        \n",
    "    \n",
    "    def predict(self,x):\n",
    "        result = np.dot(x,self.W['W1']) + self.b['b1']\n",
    "        for i in range(len(self.W)-2):\n",
    "            result = np.dot(result,self.W['W'+str(i+2)]) + self.b['b'+str(i+2)]\n",
    "            result = Activation.relu(result)    \n",
    "        result = np.dot(result,self.W['W'+str(len(self.W))]) + self.b['b'+str(len(self.W))]    \n",
    "        return Activation.softmax(result)\n",
    "    \n",
    "    def loss(self,x,t):\n",
    "        self.y = self.predict(x)\n",
    "        loss = cross_entropy(self.y,t)\n",
    "        return loss\n",
    "    \n",
    "    def gradient(self,x,t,learning_rate):\n",
    "        self.learning_rate = learning_rate\n",
    "        f = lambda w : self.loss(x,t)\n",
    "        for i in range(len(self.W)):\n",
    "            self.W['W'+str(i+1)] -= self.learning_rate*numerical_gradient(f,self.W['W'+str(i+1)])\n",
    "            self.b['b'+str(i+1)] -= self.learning_rate*numerical_gradient(f,self.b['b'+str(i+1)])\n",
    "            \n",
    "        \n",
    "#     def fit(self,x,t,learning_rate,epochs):\n",
    "#         for epoch in range(epochs):\n",
    "#             self.gradient(self,x,t)\n",
    "        \n",
    "    \n",
    "    def accuracy(self,x,t):\n",
    "        result = self.predict(x)\n",
    "        acc = sum(np.argmax(result,axis=1) == np.argmax(t,axis=1))/len(t)\n",
    "        return acc\n",
    "        "
   ]
  },
  {
   "cell_type": "code",
   "execution_count": 355,
   "metadata": {},
   "outputs": [],
   "source": [
    "model = Network()\n",
    "X = load_iris()['data']\n",
    "y = load_iris()['target']\n",
    "y = make_onehot(y)"
   ]
  },
  {
   "cell_type": "code",
   "execution_count": 356,
   "metadata": {},
   "outputs": [
    {
     "data": {
      "text/plain": [
       "1.2181110081880455"
      ]
     },
     "execution_count": 356,
     "metadata": {},
     "output_type": "execute_result"
    }
   ],
   "source": [
    "model.loss(X,y)"
   ]
  },
  {
   "cell_type": "code",
   "execution_count": 358,
   "metadata": {},
   "outputs": [
    {
     "name": "stdout",
     "output_type": "stream",
     "text": [
      "loss==== 1.2181110081880455 accuracy==== 0.3333333333333333\n",
      "loss==== 1.2181110081880455 accuracy==== 0.3333333333333333\n",
      "loss==== 1.2181110081880455 accuracy==== 0.3333333333333333\n",
      "loss==== 1.2181110081880455 accuracy==== 0.3333333333333333\n",
      "loss==== 1.2181110081880455 accuracy==== 0.3333333333333333\n",
      "loss==== 1.2181110081880455 accuracy==== 0.3333333333333333\n"
     ]
    },
    {
     "ename": "KeyboardInterrupt",
     "evalue": "",
     "output_type": "error",
     "traceback": [
      "\u001b[1;31m---------------------------------------------------------------------------\u001b[0m",
      "\u001b[1;31mKeyboardInterrupt\u001b[0m                         Traceback (most recent call last)",
      "\u001b[1;32m<ipython-input-358-aeef87bd27f7>\u001b[0m in \u001b[0;36m<module>\u001b[1;34m\u001b[0m\n\u001b[0;32m      1\u001b[0m \u001b[0mepochs\u001b[0m \u001b[1;33m=\u001b[0m \u001b[1;36m10\u001b[0m\u001b[1;33m\u001b[0m\u001b[1;33m\u001b[0m\u001b[0m\n\u001b[0;32m      2\u001b[0m \u001b[1;32mfor\u001b[0m \u001b[0mepoch\u001b[0m \u001b[1;32min\u001b[0m \u001b[0mrange\u001b[0m\u001b[1;33m(\u001b[0m\u001b[0mepochs\u001b[0m\u001b[1;33m)\u001b[0m\u001b[1;33m:\u001b[0m\u001b[1;33m\u001b[0m\u001b[1;33m\u001b[0m\u001b[0m\n\u001b[1;32m----> 3\u001b[1;33m     \u001b[0mmodel\u001b[0m\u001b[1;33m.\u001b[0m\u001b[0mgradient\u001b[0m\u001b[1;33m(\u001b[0m\u001b[0mX\u001b[0m\u001b[1;33m,\u001b[0m\u001b[0my\u001b[0m\u001b[1;33m,\u001b[0m\u001b[1;36m1e-3\u001b[0m\u001b[1;33m)\u001b[0m\u001b[1;33m\u001b[0m\u001b[1;33m\u001b[0m\u001b[0m\n\u001b[0m\u001b[0;32m      4\u001b[0m     \u001b[0mprint\u001b[0m\u001b[1;33m(\u001b[0m\u001b[1;34m\"loss====\"\u001b[0m\u001b[1;33m,\u001b[0m\u001b[0mmodel\u001b[0m\u001b[1;33m.\u001b[0m\u001b[0mloss\u001b[0m\u001b[1;33m(\u001b[0m\u001b[0mX\u001b[0m\u001b[1;33m,\u001b[0m\u001b[0my\u001b[0m\u001b[1;33m)\u001b[0m\u001b[1;33m,\u001b[0m\u001b[1;34m\"accuracy====\"\u001b[0m\u001b[1;33m,\u001b[0m\u001b[0mmodel\u001b[0m\u001b[1;33m.\u001b[0m\u001b[0maccuracy\u001b[0m\u001b[1;33m(\u001b[0m\u001b[0mX\u001b[0m\u001b[1;33m,\u001b[0m\u001b[0my\u001b[0m\u001b[1;33m)\u001b[0m\u001b[1;33m)\u001b[0m\u001b[1;33m\u001b[0m\u001b[1;33m\u001b[0m\u001b[0m\n",
      "\u001b[1;32m<ipython-input-354-988a8ed47147>\u001b[0m in \u001b[0;36mgradient\u001b[1;34m(self, x, t, learning_rate)\u001b[0m\n\u001b[0;32m     36\u001b[0m         \u001b[0mf\u001b[0m \u001b[1;33m=\u001b[0m \u001b[1;32mlambda\u001b[0m \u001b[0mw\u001b[0m \u001b[1;33m:\u001b[0m \u001b[0mself\u001b[0m\u001b[1;33m.\u001b[0m\u001b[0mloss\u001b[0m\u001b[1;33m(\u001b[0m\u001b[0mx\u001b[0m\u001b[1;33m,\u001b[0m\u001b[0mt\u001b[0m\u001b[1;33m)\u001b[0m\u001b[1;33m\u001b[0m\u001b[1;33m\u001b[0m\u001b[0m\n\u001b[0;32m     37\u001b[0m         \u001b[1;32mfor\u001b[0m \u001b[0mi\u001b[0m \u001b[1;32min\u001b[0m \u001b[0mrange\u001b[0m\u001b[1;33m(\u001b[0m\u001b[0mlen\u001b[0m\u001b[1;33m(\u001b[0m\u001b[0mself\u001b[0m\u001b[1;33m.\u001b[0m\u001b[0mW\u001b[0m\u001b[1;33m)\u001b[0m\u001b[1;33m)\u001b[0m\u001b[1;33m:\u001b[0m\u001b[1;33m\u001b[0m\u001b[1;33m\u001b[0m\u001b[0m\n\u001b[1;32m---> 38\u001b[1;33m             \u001b[0mself\u001b[0m\u001b[1;33m.\u001b[0m\u001b[0mW\u001b[0m\u001b[1;33m[\u001b[0m\u001b[1;34m'W'\u001b[0m\u001b[1;33m+\u001b[0m\u001b[0mstr\u001b[0m\u001b[1;33m(\u001b[0m\u001b[0mi\u001b[0m\u001b[1;33m+\u001b[0m\u001b[1;36m1\u001b[0m\u001b[1;33m)\u001b[0m\u001b[1;33m]\u001b[0m \u001b[1;33m-=\u001b[0m \u001b[0mnumerical_gradient\u001b[0m\u001b[1;33m(\u001b[0m\u001b[0mf\u001b[0m\u001b[1;33m,\u001b[0m\u001b[0mself\u001b[0m\u001b[1;33m.\u001b[0m\u001b[0mW\u001b[0m\u001b[1;33m[\u001b[0m\u001b[1;34m'W'\u001b[0m\u001b[1;33m+\u001b[0m\u001b[0mstr\u001b[0m\u001b[1;33m(\u001b[0m\u001b[0mi\u001b[0m\u001b[1;33m+\u001b[0m\u001b[1;36m1\u001b[0m\u001b[1;33m)\u001b[0m\u001b[1;33m]\u001b[0m\u001b[1;33m)\u001b[0m\u001b[1;33m\u001b[0m\u001b[1;33m\u001b[0m\u001b[0m\n\u001b[0m\u001b[0;32m     39\u001b[0m             \u001b[0mself\u001b[0m\u001b[1;33m.\u001b[0m\u001b[0mb\u001b[0m\u001b[1;33m[\u001b[0m\u001b[1;34m'b'\u001b[0m\u001b[1;33m+\u001b[0m\u001b[0mstr\u001b[0m\u001b[1;33m(\u001b[0m\u001b[0mi\u001b[0m\u001b[1;33m+\u001b[0m\u001b[1;36m1\u001b[0m\u001b[1;33m)\u001b[0m\u001b[1;33m]\u001b[0m \u001b[1;33m-=\u001b[0m \u001b[0mnumerical_gradient\u001b[0m\u001b[1;33m(\u001b[0m\u001b[0mf\u001b[0m\u001b[1;33m,\u001b[0m\u001b[0mself\u001b[0m\u001b[1;33m.\u001b[0m\u001b[0mb\u001b[0m\u001b[1;33m[\u001b[0m\u001b[1;34m'b'\u001b[0m\u001b[1;33m+\u001b[0m\u001b[0mstr\u001b[0m\u001b[1;33m(\u001b[0m\u001b[0mi\u001b[0m\u001b[1;33m+\u001b[0m\u001b[1;36m1\u001b[0m\u001b[1;33m)\u001b[0m\u001b[1;33m]\u001b[0m\u001b[1;33m)\u001b[0m\u001b[1;33m\u001b[0m\u001b[1;33m\u001b[0m\u001b[0m\n\u001b[0;32m     40\u001b[0m \u001b[1;33m\u001b[0m\u001b[0m\n",
      "\u001b[1;32m<ipython-input-136-5254842e7f63>\u001b[0m in \u001b[0;36mnumerical_gradient\u001b[1;34m(f, x)\u001b[0m\n\u001b[0;32m      7\u001b[0m         \u001b[0mtmp_val\u001b[0m \u001b[1;33m=\u001b[0m \u001b[0mx\u001b[0m\u001b[1;33m[\u001b[0m\u001b[0midx\u001b[0m\u001b[1;33m]\u001b[0m\u001b[1;33m\u001b[0m\u001b[1;33m\u001b[0m\u001b[0m\n\u001b[0;32m      8\u001b[0m         \u001b[0mx\u001b[0m\u001b[1;33m[\u001b[0m\u001b[0midx\u001b[0m\u001b[1;33m]\u001b[0m \u001b[1;33m=\u001b[0m \u001b[0mtmp_val\u001b[0m \u001b[1;33m+\u001b[0m \u001b[0mh\u001b[0m\u001b[1;33m\u001b[0m\u001b[1;33m\u001b[0m\u001b[0m\n\u001b[1;32m----> 9\u001b[1;33m         \u001b[0mfxh1\u001b[0m \u001b[1;33m=\u001b[0m \u001b[0mf\u001b[0m\u001b[1;33m(\u001b[0m\u001b[0mx\u001b[0m\u001b[1;33m)\u001b[0m\u001b[1;33m\u001b[0m\u001b[1;33m\u001b[0m\u001b[0m\n\u001b[0m\u001b[0;32m     10\u001b[0m         \u001b[0mx\u001b[0m\u001b[1;33m[\u001b[0m\u001b[0midx\u001b[0m\u001b[1;33m]\u001b[0m \u001b[1;33m=\u001b[0m \u001b[0mtmp_val\u001b[0m \u001b[1;33m-\u001b[0m \u001b[0mh\u001b[0m\u001b[1;33m\u001b[0m\u001b[1;33m\u001b[0m\u001b[0m\n\u001b[0;32m     11\u001b[0m         \u001b[0mfxh2\u001b[0m \u001b[1;33m=\u001b[0m \u001b[0mf\u001b[0m\u001b[1;33m(\u001b[0m\u001b[0mx\u001b[0m\u001b[1;33m)\u001b[0m\u001b[1;33m\u001b[0m\u001b[1;33m\u001b[0m\u001b[0m\n",
      "\u001b[1;32m<ipython-input-354-988a8ed47147>\u001b[0m in \u001b[0;36m<lambda>\u001b[1;34m(w)\u001b[0m\n\u001b[0;32m     34\u001b[0m     \u001b[1;32mdef\u001b[0m \u001b[0mgradient\u001b[0m\u001b[1;33m(\u001b[0m\u001b[0mself\u001b[0m\u001b[1;33m,\u001b[0m\u001b[0mx\u001b[0m\u001b[1;33m,\u001b[0m\u001b[0mt\u001b[0m\u001b[1;33m,\u001b[0m\u001b[0mlearning_rate\u001b[0m\u001b[1;33m)\u001b[0m\u001b[1;33m:\u001b[0m\u001b[1;33m\u001b[0m\u001b[1;33m\u001b[0m\u001b[0m\n\u001b[0;32m     35\u001b[0m         \u001b[0mself\u001b[0m\u001b[1;33m.\u001b[0m\u001b[0mlearning_rate\u001b[0m \u001b[1;33m=\u001b[0m \u001b[0mlearning_rate\u001b[0m\u001b[1;33m\u001b[0m\u001b[1;33m\u001b[0m\u001b[0m\n\u001b[1;32m---> 36\u001b[1;33m         \u001b[0mf\u001b[0m \u001b[1;33m=\u001b[0m \u001b[1;32mlambda\u001b[0m \u001b[0mw\u001b[0m \u001b[1;33m:\u001b[0m \u001b[0mself\u001b[0m\u001b[1;33m.\u001b[0m\u001b[0mloss\u001b[0m\u001b[1;33m(\u001b[0m\u001b[0mx\u001b[0m\u001b[1;33m,\u001b[0m\u001b[0mt\u001b[0m\u001b[1;33m)\u001b[0m\u001b[1;33m\u001b[0m\u001b[1;33m\u001b[0m\u001b[0m\n\u001b[0m\u001b[0;32m     37\u001b[0m         \u001b[1;32mfor\u001b[0m \u001b[0mi\u001b[0m \u001b[1;32min\u001b[0m \u001b[0mrange\u001b[0m\u001b[1;33m(\u001b[0m\u001b[0mlen\u001b[0m\u001b[1;33m(\u001b[0m\u001b[0mself\u001b[0m\u001b[1;33m.\u001b[0m\u001b[0mW\u001b[0m\u001b[1;33m)\u001b[0m\u001b[1;33m)\u001b[0m\u001b[1;33m:\u001b[0m\u001b[1;33m\u001b[0m\u001b[1;33m\u001b[0m\u001b[0m\n\u001b[0;32m     38\u001b[0m             \u001b[0mself\u001b[0m\u001b[1;33m.\u001b[0m\u001b[0mW\u001b[0m\u001b[1;33m[\u001b[0m\u001b[1;34m'W'\u001b[0m\u001b[1;33m+\u001b[0m\u001b[0mstr\u001b[0m\u001b[1;33m(\u001b[0m\u001b[0mi\u001b[0m\u001b[1;33m+\u001b[0m\u001b[1;36m1\u001b[0m\u001b[1;33m)\u001b[0m\u001b[1;33m]\u001b[0m \u001b[1;33m-=\u001b[0m \u001b[0mnumerical_gradient\u001b[0m\u001b[1;33m(\u001b[0m\u001b[0mf\u001b[0m\u001b[1;33m,\u001b[0m\u001b[0mself\u001b[0m\u001b[1;33m.\u001b[0m\u001b[0mW\u001b[0m\u001b[1;33m[\u001b[0m\u001b[1;34m'W'\u001b[0m\u001b[1;33m+\u001b[0m\u001b[0mstr\u001b[0m\u001b[1;33m(\u001b[0m\u001b[0mi\u001b[0m\u001b[1;33m+\u001b[0m\u001b[1;36m1\u001b[0m\u001b[1;33m)\u001b[0m\u001b[1;33m]\u001b[0m\u001b[1;33m)\u001b[0m\u001b[1;33m\u001b[0m\u001b[1;33m\u001b[0m\u001b[0m\n",
      "\u001b[1;32m<ipython-input-354-988a8ed47147>\u001b[0m in \u001b[0;36mloss\u001b[1;34m(self, x, t)\u001b[0m\n\u001b[0;32m     28\u001b[0m \u001b[1;33m\u001b[0m\u001b[0m\n\u001b[0;32m     29\u001b[0m     \u001b[1;32mdef\u001b[0m \u001b[0mloss\u001b[0m\u001b[1;33m(\u001b[0m\u001b[0mself\u001b[0m\u001b[1;33m,\u001b[0m\u001b[0mx\u001b[0m\u001b[1;33m,\u001b[0m\u001b[0mt\u001b[0m\u001b[1;33m)\u001b[0m\u001b[1;33m:\u001b[0m\u001b[1;33m\u001b[0m\u001b[1;33m\u001b[0m\u001b[0m\n\u001b[1;32m---> 30\u001b[1;33m         \u001b[0mself\u001b[0m\u001b[1;33m.\u001b[0m\u001b[0my\u001b[0m \u001b[1;33m=\u001b[0m \u001b[0mself\u001b[0m\u001b[1;33m.\u001b[0m\u001b[0mpredict\u001b[0m\u001b[1;33m(\u001b[0m\u001b[0mx\u001b[0m\u001b[1;33m)\u001b[0m\u001b[1;33m\u001b[0m\u001b[1;33m\u001b[0m\u001b[0m\n\u001b[0m\u001b[0;32m     31\u001b[0m         \u001b[0mloss\u001b[0m \u001b[1;33m=\u001b[0m \u001b[0mcross_entropy\u001b[0m\u001b[1;33m(\u001b[0m\u001b[0mself\u001b[0m\u001b[1;33m.\u001b[0m\u001b[0my\u001b[0m\u001b[1;33m,\u001b[0m\u001b[0mt\u001b[0m\u001b[1;33m)\u001b[0m\u001b[1;33m\u001b[0m\u001b[1;33m\u001b[0m\u001b[0m\n\u001b[0;32m     32\u001b[0m         \u001b[1;32mreturn\u001b[0m \u001b[0mloss\u001b[0m\u001b[1;33m\u001b[0m\u001b[1;33m\u001b[0m\u001b[0m\n",
      "\u001b[1;32m<ipython-input-354-988a8ed47147>\u001b[0m in \u001b[0;36mpredict\u001b[1;34m(self, x)\u001b[0m\n\u001b[0;32m     22\u001b[0m         \u001b[0mresult\u001b[0m \u001b[1;33m=\u001b[0m \u001b[0mnp\u001b[0m\u001b[1;33m.\u001b[0m\u001b[0mdot\u001b[0m\u001b[1;33m(\u001b[0m\u001b[0mx\u001b[0m\u001b[1;33m,\u001b[0m\u001b[0mself\u001b[0m\u001b[1;33m.\u001b[0m\u001b[0mW\u001b[0m\u001b[1;33m[\u001b[0m\u001b[1;34m'W1'\u001b[0m\u001b[1;33m]\u001b[0m\u001b[1;33m)\u001b[0m \u001b[1;33m+\u001b[0m \u001b[0mself\u001b[0m\u001b[1;33m.\u001b[0m\u001b[0mb\u001b[0m\u001b[1;33m[\u001b[0m\u001b[1;34m'b1'\u001b[0m\u001b[1;33m]\u001b[0m\u001b[1;33m\u001b[0m\u001b[1;33m\u001b[0m\u001b[0m\n\u001b[0;32m     23\u001b[0m         \u001b[1;32mfor\u001b[0m \u001b[0mi\u001b[0m \u001b[1;32min\u001b[0m \u001b[0mrange\u001b[0m\u001b[1;33m(\u001b[0m\u001b[0mlen\u001b[0m\u001b[1;33m(\u001b[0m\u001b[0mself\u001b[0m\u001b[1;33m.\u001b[0m\u001b[0mW\u001b[0m\u001b[1;33m)\u001b[0m\u001b[1;33m-\u001b[0m\u001b[1;36m2\u001b[0m\u001b[1;33m)\u001b[0m\u001b[1;33m:\u001b[0m\u001b[1;33m\u001b[0m\u001b[1;33m\u001b[0m\u001b[0m\n\u001b[1;32m---> 24\u001b[1;33m             \u001b[0mresult\u001b[0m \u001b[1;33m=\u001b[0m \u001b[0mnp\u001b[0m\u001b[1;33m.\u001b[0m\u001b[0mdot\u001b[0m\u001b[1;33m(\u001b[0m\u001b[0mresult\u001b[0m\u001b[1;33m,\u001b[0m\u001b[0mself\u001b[0m\u001b[1;33m.\u001b[0m\u001b[0mW\u001b[0m\u001b[1;33m[\u001b[0m\u001b[1;34m'W'\u001b[0m\u001b[1;33m+\u001b[0m\u001b[0mstr\u001b[0m\u001b[1;33m(\u001b[0m\u001b[0mi\u001b[0m\u001b[1;33m+\u001b[0m\u001b[1;36m2\u001b[0m\u001b[1;33m)\u001b[0m\u001b[1;33m]\u001b[0m\u001b[1;33m)\u001b[0m \u001b[1;33m+\u001b[0m \u001b[0mself\u001b[0m\u001b[1;33m.\u001b[0m\u001b[0mb\u001b[0m\u001b[1;33m[\u001b[0m\u001b[1;34m'b'\u001b[0m\u001b[1;33m+\u001b[0m\u001b[0mstr\u001b[0m\u001b[1;33m(\u001b[0m\u001b[0mi\u001b[0m\u001b[1;33m+\u001b[0m\u001b[1;36m2\u001b[0m\u001b[1;33m)\u001b[0m\u001b[1;33m]\u001b[0m\u001b[1;33m\u001b[0m\u001b[1;33m\u001b[0m\u001b[0m\n\u001b[0m\u001b[0;32m     25\u001b[0m             \u001b[0mresult\u001b[0m \u001b[1;33m=\u001b[0m \u001b[0mActivation\u001b[0m\u001b[1;33m.\u001b[0m\u001b[0mrelu\u001b[0m\u001b[1;33m(\u001b[0m\u001b[0mresult\u001b[0m\u001b[1;33m)\u001b[0m\u001b[1;33m\u001b[0m\u001b[1;33m\u001b[0m\u001b[0m\n\u001b[0;32m     26\u001b[0m         \u001b[0mresult\u001b[0m \u001b[1;33m=\u001b[0m \u001b[0mnp\u001b[0m\u001b[1;33m.\u001b[0m\u001b[0mdot\u001b[0m\u001b[1;33m(\u001b[0m\u001b[0mresult\u001b[0m\u001b[1;33m,\u001b[0m\u001b[0mself\u001b[0m\u001b[1;33m.\u001b[0m\u001b[0mW\u001b[0m\u001b[1;33m[\u001b[0m\u001b[1;34m'W'\u001b[0m\u001b[1;33m+\u001b[0m\u001b[0mstr\u001b[0m\u001b[1;33m(\u001b[0m\u001b[0mlen\u001b[0m\u001b[1;33m(\u001b[0m\u001b[0mself\u001b[0m\u001b[1;33m.\u001b[0m\u001b[0mW\u001b[0m\u001b[1;33m)\u001b[0m\u001b[1;33m)\u001b[0m\u001b[1;33m]\u001b[0m\u001b[1;33m)\u001b[0m \u001b[1;33m+\u001b[0m \u001b[0mself\u001b[0m\u001b[1;33m.\u001b[0m\u001b[0mb\u001b[0m\u001b[1;33m[\u001b[0m\u001b[1;34m'b'\u001b[0m\u001b[1;33m+\u001b[0m\u001b[0mstr\u001b[0m\u001b[1;33m(\u001b[0m\u001b[0mlen\u001b[0m\u001b[1;33m(\u001b[0m\u001b[0mself\u001b[0m\u001b[1;33m.\u001b[0m\u001b[0mW\u001b[0m\u001b[1;33m)\u001b[0m\u001b[1;33m)\u001b[0m\u001b[1;33m]\u001b[0m\u001b[1;33m\u001b[0m\u001b[1;33m\u001b[0m\u001b[0m\n",
      "\u001b[1;32m<__array_function__ internals>\u001b[0m in \u001b[0;36mdot\u001b[1;34m(*args, **kwargs)\u001b[0m\n",
      "\u001b[1;31mKeyboardInterrupt\u001b[0m: "
     ]
    }
   ],
   "source": [
    "epochs = 10\n",
    "for epoch in range(epochs):\n",
    "    model.gradient(X,y,1e-3)\n",
    "    print(\"loss====\",model.loss(X,y),\"accuracy====\",model.accuracy(X,y))"
   ]
  },
  {
   "cell_type": "code",
   "execution_count": 325,
   "metadata": {},
   "outputs": [],
   "source": [
    "W = {\n",
    "            'W1':np.random.randn(4,100),\n",
    "            'W2':np.random.randn(100,50),\n",
    "            'W3':np.random.randn(50,3)\n",
    "        }\n",
    "b = {\n",
    "            'b1':np.random.randn(100),\n",
    "            'b2':np.random.randn(50),\n",
    "            'b3':np.random.randn(3)\n",
    "        }\n",
    "        "
   ]
  },
  {
   "cell_type": "code",
   "execution_count": 329,
   "metadata": {},
   "outputs": [
    {
     "name": "stdout",
     "output_type": "stream",
     "text": [
      "b1\n",
      "b2\n",
      "b3\n"
     ]
    }
   ],
   "source": [
    "for i in b.keys():\n",
    "    print(i)"
   ]
  },
  {
   "cell_type": "code",
   "execution_count": 244,
   "metadata": {},
   "outputs": [
    {
     "ename": "TypeError",
     "evalue": "float() argument must be a string or a number, not 'method'",
     "output_type": "error",
     "traceback": [
      "\u001b[1;31m---------------------------------------------------------------------------\u001b[0m",
      "\u001b[1;31mTypeError\u001b[0m                                 Traceback (most recent call last)",
      "\u001b[1;32m<ipython-input-244-44d9477a1277>\u001b[0m in \u001b[0;36m<module>\u001b[1;34m\u001b[0m\n\u001b[0;32m      1\u001b[0m \u001b[1;32mimport\u001b[0m \u001b[0mmatplotlib\u001b[0m\u001b[1;33m.\u001b[0m\u001b[0mpyplot\u001b[0m \u001b[1;32mas\u001b[0m \u001b[0mplt\u001b[0m\u001b[1;33m\u001b[0m\u001b[1;33m\u001b[0m\u001b[0m\n\u001b[1;32m----> 2\u001b[1;33m \u001b[0mplt\u001b[0m\u001b[1;33m.\u001b[0m\u001b[0mplot\u001b[0m\u001b[1;33m(\u001b[0m\u001b[0mnp\u001b[0m\u001b[1;33m.\u001b[0m\u001b[0marange\u001b[0m\u001b[1;33m(\u001b[0m\u001b[0mepochs\u001b[0m\u001b[1;33m)\u001b[0m\u001b[1;33m,\u001b[0m\u001b[0mloss\u001b[0m\u001b[1;33m)\u001b[0m\u001b[1;33m\u001b[0m\u001b[1;33m\u001b[0m\u001b[0m\n\u001b[0m",
      "\u001b[1;32mC:\\python\\lib\\site-packages\\matplotlib\\pyplot.py\u001b[0m in \u001b[0;36mplot\u001b[1;34m(scalex, scaley, data, *args, **kwargs)\u001b[0m\n\u001b[0;32m   2787\u001b[0m     return gca().plot(\n\u001b[0;32m   2788\u001b[0m         *args, scalex=scalex, scaley=scaley, **({\"data\": data} if data\n\u001b[1;32m-> 2789\u001b[1;33m         is not None else {}), **kwargs)\n\u001b[0m\u001b[0;32m   2790\u001b[0m \u001b[1;33m\u001b[0m\u001b[0m\n\u001b[0;32m   2791\u001b[0m \u001b[1;33m\u001b[0m\u001b[0m\n",
